<?xml version="1.0"?>
<opencv_storage>
<C type_id="opencv-matrix">
  <rows>3</rows>
  <cols>3</cols>
  <dt>d</dt>
  <data>
    6.7690214713719922e+02 0. 3.0013472023475521e+02 0.
    6.7263282895220811e+02 1.9854345676115173e+02 0. 0. 1.</data></C>
</opencv_storage>
