<?xml version="1.0"?>
<opencv_storage>
<D type_id="opencv-matrix">
  <rows>1</rows>
  <cols>5</cols>
  <dt>d</dt>
  <data>
    3.1554468408305569e-01 -3.2282365043128149e+00
    1.2276107226722162e-02 -1.4020548443154975e-02
    1.4026195602589091e+01</data></D>
</opencv_storage>
