<?xml version="1.0"?>
<opencv_storage>
<D type_id="opencv-matrix">
  <rows>1</rows>
  <cols>5</cols>
  <dt>d</dt>
  <data>
    -4.9274063450470956e-01 4.1714464548108104e-01
    -1.4831388242744629e-03 4.0691561547865065e-03
    -2.0223623888412184e-01</data></D>
</opencv_storage>
