<?xml version="1.0"?>
<opencv_storage>
<C type_id="opencv-matrix">
  <rows>3</rows>
  <cols>3</cols>
  <dt>d</dt>
  <data>
    6.4436785110533890e+02 0. 2.9885092211551677e+02 0.
    6.4885508011959678e+02 2.5164505741385921e+02 0. 0. 1.</data></C>
</opencv_storage>
