<?xml version="1.0"?>
<opencv_storage>
<D type_id="opencv-matrix">
  <rows>1</rows>
  <cols>5</cols>
  <dt>d</dt>
  <data>
    -3.9935975417762343e-01 5.5992159384273890e-02
    -5.2178242306101319e-03 3.5016421357703434e-03
    4.6614473759649022e-01</data></D>
</opencv_storage>
