<?xml version="1.0"?>
<opencv_storage>
<C type_id="opencv-matrix">
  <rows>3</rows>
  <cols>3</cols>
  <dt>d</dt>
  <data>
    6.3489813353361740e+02 0. 3.0967058928663249e+02 0.
    6.3703724435248523e+02 2.3569828914282107e+02 0. 0. 1.</data></C>
</opencv_storage>
